380.000000000 0.009052478 2.927713338 0.000000000 0.000000000
385.000000000 0.009080590 2.945924725 0.000000000 0.000000000
390.000000000 0.009145473 2.988159135 0.000000045 0.000000005
395.000000000 0.009060538 2.932929177 0.000000000 0.000000000
400.000000000 0.008768611 2.746978052 0.000000000 0.000000000
405.000000000 0.008477302 2.567490387 0.000000000 0.000000000
410.000000000 0.008203692 2.404430427 0.000000000 0.000000000
415.000000000 0.008047095 2.313512090 0.000000000 0.000000000
420.000000000 0.007839179 2.195499853 0.000000014 0.000000002
425.000000000 0.007721010 2.129811212 0.000000007 0.000000001
430.000000000 0.007658687 2.095567291 0.000000007 0.000000001
435.000000000 0.007584357 2.055090235 0.000000002 0.000000000
440.000000000 0.007548728 2.035827557 0.000000001 0.000000000
445.000000000 0.007491427 2.005038084 0.000000001 0.000000000
450.000000000 0.007481424 1.999686925 0.000000000 0.000000000
455.000000000 0.007489289 2.003893442 0.000000001 0.000000000
460.000000000 0.007456195 1.986222957 0.000000000 0.000000000
465.000000000 0.007452092 1.984037930 0.000000000 0.000000000
470.000000000 0.007412333 1.962923602 0.000000000 0.000000000
475.000000000 0.007442915 1.979154335 0.000000000 0.000000000
480.000000000 0.007374791 1.943090352 0.000000000 0.000000000
485.000000000 0.007259550 1.882837912 0.000000000 0.000000000
490.000000000 0.007227421 1.866208630 0.000000000 0.000000000
495.000000000 0.007121046 1.811678626 0.000000000 0.000000000
500.000000000 0.007077040 1.789356096 0.000000000 0.000000000
505.000000000 0.007036627 1.768978840 0.000000000 0.000000000
510.000000000 0.006993564 1.747393126 0.000000000 0.000000000
515.000000000 0.006954713 1.728032674 0.000000000 0.000000000
520.000000000 0.006925974 1.713780669 0.000000000 0.000000000
525.000000000 0.006917914 1.709793975 0.000000000 0.000000000
530.000000000 0.006881734 1.691956903 0.000000000 0.000000000
535.000000000 0.006873315 1.687819717 0.000000000 0.000000000
540.000000000 0.006892319 1.697165736 0.000000001 0.000000000
545.000000000 0.006865486 1.683976717 0.000000001 0.000000000
550.000000000 0.006830748 1.666978452 0.000000001 0.000000000
555.000000000 0.006833860 1.668497874 0.000000001 0.000000000
560.000000000 0.006828955 1.666103392 0.000000001 0.000000000
565.000000000 0.006841328 1.672146269 0.000000001 0.000000000
570.000000000 0.006819814 1.661646108 0.000000001 0.000000000
575.000000000 0.006818059 1.660790596 0.000000001 0.000000000
580.000000000 0.006788163 1.646258189 0.000000001 0.000000000
585.000000000 0.006751944 1.628737390 0.000000001 0.000000000
590.000000000 0.006705079 1.606205761 0.000000001 0.000000000
595.000000000 0.006648077 1.579012486 0.000000001 0.000000000
600.000000000 0.006590321 1.551695775 0.000000001 0.000000000
605.000000000 0.006505379 1.511954191 0.000000001 0.000000000
610.000000000 0.006464362 1.492948490 0.000000001 0.000000000
615.000000000 0.006387475 1.457645530 0.000000000 0.000000000
620.000000000 0.006357214 1.443866778 0.000000000 0.000000000
625.000000000 0.006267750 1.403514192 0.000000000 0.000000000
630.000000000 0.006194504 1.370902625 0.000000000 0.000000000
635.000000000 0.006127369 1.341348548 0.000000000 0.000000000
640.000000000 0.006050533 1.307918810 0.000000000 0.000000000
645.000000000 0.005990159 1.281947702 0.000000000 0.000000000
650.000000000 0.005954778 1.266848330 0.000000000 0.000000000
655.000000000 0.005930652 1.256603901 0.000000000 0.000000000
660.000000000 0.005882136 1.236128598 0.000000000 0.000000000
665.000000000 0.005824575 1.212054036 0.000000000 0.000000000
670.000000000 0.005783632 1.195074267 0.000000000 0.000000000
675.000000000 0.005750603 1.181463623 0.000000000 0.000000000
680.000000000 0.005691934 1.157479311 0.000000000 0.000000000
685.000000000 0.005678639 1.152078431 0.000000000 0.000000000
690.000000000 0.005660915 1.144897882 0.000000000 0.000000000
695.000000000 0.005628275 1.131733590 0.000000000 0.000000000
700.000000000 0.005593872 1.117940147 0.000000000 0.000000000
705.000000000 0.005579563 1.112228377 0.000000000 0.000000000
710.000000000 0.005568885 1.107975320 0.000000000 0.000000000
715.000000000 0.005553390 1.101817905 0.000000000 0.000000000
720.000000000 0.005524802 1.090503375 0.000000000 0.000000000
725.000000000 0.005514400 1.086400990 0.000000000 0.000000000
730.000000000 0.005502664 1.081781596 0.000000000 0.000000000
735.000000000 0.005485445 1.075021710 0.000000000 0.000000000
740.000000000 0.005480541 1.073100534 0.000000000 0.000000000
745.000000000 0.005444709 1.059114461 0.000000000 0.000000000
750.000000000 0.005439580 1.057120002 0.000000000 0.000000000
755.000000000 0.005436705 1.056002866 0.000000000 0.000000000
760.000000000 0.005424357 1.051211374 0.000000000 0.000000000
765.000000000 0.005409196 1.045343558 0.000000000 0.000000000
770.000000000 0.005406070 1.044135529 0.000000000 0.000000000
775.000000000 0.005392406 1.038864161 0.000000000 0.000000000
780.000000000 0.005375074 1.032196590 0.000000000 0.000000000
785.000000000 0.005387304 1.036899266 0.000000000 0.000000000
790.000000000 0.005383747 1.035530303 0.000000000 0.000000000
795.000000000 0.005332960 1.016085483 0.000000000 0.000000000
800.000000000 0.005351428 1.023134998 0.000000000 0.000000000
805.000000000 0.005319906 1.011117272 0.000000000 0.000000000
810.000000000 0.005278391 0.995397607 0.000000000 0.000000000
815.000000000 0.005260748 0.988754577 0.000000000 0.000000000
820.000000000 0.005270873 0.992564433 0.000000000 0.000000000
825.000000000 0.005248706 0.984233148 0.000000000 0.000000000
830.000000000 0.005202847 0.967109666 0.000000000 0.000000000
835.000000000 0.005165970 0.953448536 0.000000000 0.000000000
840.000000000 0.005167561 0.954036139 0.000000000 0.000000000
845.000000000 0.005141413 0.944405666 0.000000000 0.000000000
850.000000000 0.005092091 0.926373084 0.000000000 0.000000000
855.000000000 0.005056996 0.913647729 0.000000000 0.000000000
860.000000000 0.005058273 0.914109033 0.000000000 0.000000000
865.000000000 0.005043861 0.908907842 0.000000000 0.000000000
870.000000000 0.004985068 0.887841938 0.000000000 0.000000000
875.000000000 0.004950978 0.875740779 0.000000000 0.000000000
880.000000000 0.004947312 0.874444312 0.000000000 0.000000000
885.000000000 0.004917384 0.863896537 0.000000000 0.000000000
890.000000000 0.004900882 0.858108214 0.000000000 0.000000000
895.000000000 0.004839052 0.836592777 0.000000000 0.000000000
900.000000000 0.004833538 0.834687382 0.000000000 0.000000000
905.000000000 0.004821385 0.830495218 0.000000000 0.000000000
910.000000000 0.004807710 0.825791052 0.000000000 0.000000000
915.000000000 0.004809331 0.826347823 0.000000000 0.000000000
920.000000000 0.004758699 0.809040072 0.000000000 0.000000000
925.000000000 0.004748065 0.805428228 0.000000000 0.000000000
930.000000000 0.004743604 0.803915390 0.000000000 0.000000000
935.000000000 0.004716012 0.794590417 0.000000001 0.000000000
940.000000000 0.004698987 0.788863932 0.000000000 0.000000000
945.000000000 0.004703239 0.790292230 0.000000000 0.000000000
950.000000000 0.004675640 0.781044454 0.000000000 0.000000000
955.000000000 0.004702539 0.790056869 0.000000000 0.000000000
960.000000000 0.004716385 0.794716106 0.000000000 0.000000000
965.000000000 0.004656630 0.774706191 0.000000000 0.000000000
970.000000000 0.004647128 0.771547831 0.000000000 0.000000000
975.000000000 0.004623139 0.763602855 0.000000000 0.000000000
980.000000000 0.004618332 0.762015600 0.000000000 0.000000000
985.000000000 0.004643151 0.770227884 0.000000000 0.000000000
990.000000000 0.004599657 0.755865408 0.000000000 0.000000000
995.000000000 0.004576414 0.748245731 0.000000000 0.000000000
1000.000000000 0.004567017 0.745176078 0.000000000 0.000000000
1005.000000000 0.004527437 0.732315719 0.000000000 0.000000000
1010.000000000 0.004541756 0.736955422 0.000000000 0.000000000
1015.000000000 0.004553364 0.740727152 0.000000000 0.000000000
1020.000000000 0.004519918 0.729885433 0.000000000 0.000000000
1025.000000000 0.004510165 0.726738924 0.000000000 0.000000000
1030.000000000 0.004515878 0.728581288 0.000000000 0.000000000
1035.000000000 0.004494242 0.721616634 0.000000000 0.000000000
1040.000000000 0.004459802 0.710599219 0.000000000 0.000000000
1045.000000000 0.004469945 0.713835253 0.000000000 0.000000000
1050.000000000 0.004492278 0.720986021 0.000000000 0.000000000
1055.000000000 0.004465767 0.712501186 0.000000000 0.000000000
1060.000000000 0.004429945 0.701116709 0.000000000 0.000000000
1065.000000000 0.004423019 0.698926017 0.000000000 0.000000000
1070.000000000 0.004400537 0.691838754 0.000000000 0.000000000
1075.000000000 0.004382634 0.686221046 0.000000000 0.000000000
1080.000000000 0.004413442 0.695902578 0.000000000 0.000000000
1085.000000000 0.004424916 0.699525744 0.000000000 0.000000000
1090.000000000 0.004389379 0.688334824 0.000000000 0.000000000
1095.000000000 0.004361176 0.679517627 0.000000000 0.000000000
1100.000000000 0.004337042 0.672017800 0.000000000 0.000000000
1105.000000000 0.004312037 0.664291257 0.000000000 0.000000000
1110.000000000 0.004331870 0.670415948 0.000000000 0.000000000
1115.000000000 0.004355628 0.677789862 0.000000000 0.000000000
1120.000000000 0.004318912 0.666409641 0.000000009 0.000000001
1125.000000000 0.004289484 0.657355200 0.000000034 0.000000003
1130.000000000 0.004304250 0.661892695 0.000000008 0.000000001
1135.000000000 0.004295510 0.659206930 0.000000010 0.000000001
1140.000000000 0.004236336 0.641171784 0.000000000 0.000000000
1145.000000000 0.004216783 0.635266159 0.000000003 0.000000000
1150.000000000 0.004250588 0.645492826 0.000000001 0.000000000
1155.000000000 0.004255225 0.646902081 0.000000000 0.000000000
1160.000000000 0.004219363 0.636044135 0.000000000 0.000000000
1165.000000000 0.004190458 0.627359683 0.000000000 0.000000000
1170.000000000 0.004171973 0.621837037 0.000000000 0.000000000
1175.000000000 0.004150174 0.615355607 0.000000000 0.000000000
1180.000000000 0.004131455 0.609817233 0.000000000 0.000000000
1185.000000000 0.004118301 0.605940098 0.000000000 0.000000000
1190.000000000 0.004110188 0.603555018 0.000000000 0.000000000
1195.000000000 0.004113146 0.604424142 0.000000000 0.000000000
1200.000000000 0.004105212 0.602094593 0.000000000 0.000000000
1205.000000000 0.004077136 0.593887136 0.000000000 0.000000000
1210.000000000 0.004040064 0.583136198 0.000000000 0.000000000
1215.000000000 0.004028770 0.579865613 0.000000042 0.000000014
1220.000000000 0.004022717 0.578126075 0.000000037 0.000000013
1225.000000000 0.004002797 0.572415511 0.000000034 0.000000012
1230.000000000 0.003982953 0.566755320 0.000000029 0.000000010
1235.000000000 0.003978462 0.565478451 0.000000027 0.000000010
1240.000000000 0.003981502 0.566342673 0.000000029 0.000000010
1245.000000000 0.003967481 0.562360972 0.000000028 0.000000010
1250.000000000 0.003935130 0.553227717 0.000000027 0.000000010
1255.000000000 0.003901629 0.543848144 0.000000027 0.000000009
1260.000000000 0.003884488 0.539078173 0.000000033 0.000000011
1265.000000000 0.003870307 0.535145551 0.000000046 0.000000014
1270.000000000 0.003838637 0.526423217 0.000000046 0.000000013
1275.000000000 0.003812530 0.519293222 0.000000025 0.000000008
1280.000000000 0.003813173 0.519468774 0.000000023 0.000000008
1285.000000000 0.003816546 0.520388668 0.000000022 0.000000008
1290.000000000 0.003795812 0.514750483 0.000000020 0.000000007
1295.000000000 0.003762742 0.505820275 0.000000020 0.000000007
1300.000000000 0.003744468 0.500918652 0.000000021 0.000000007
1305.000000000 0.003728795 0.496732682 0.000000026 0.000000008
1310.000000000 0.003703304 0.489963254 0.000000029 0.000000009
1315.000000000 0.003673613 0.482136383 0.000000036 0.000000010
1320.000000000 0.003648417 0.475544420 0.000000040 0.000000010
1325.000000000 0.003630240 0.470816711 0.000000045 0.000000011
1330.000000000 0.003623747 0.469110356 0.000000148 0.000000024
1335.000000000 0.003594073 0.461459337 0.000000146 0.000000024
1340.000000000 0.003597129 0.462280398 0.000000000 0.000000000
1345.000000000 0.003586286 0.459497708 0.000000001 0.000000000
1350.000000000 0.003549156 0.450032366 0.000000000 0.000000000
1355.000000000 0.002945663 0.307932807 0.000739434 0.000000003
1360.000000000 0.169387962 0.069079335 0.000000168 0.087175760
1365.000000000 0.001294221 0.056161202 0.001989581 0.000000001
1370.000000000 0.169374875 0.069037654 0.000000812 0.087109989
1375.000000000 0.002458378 0.213540943 0.001135281 0.000000004
1380.000000000 0.169386027 0.069049137 0.000001358 0.087279311
1385.000000000 0.169460577 0.069003716 0.000001069 0.087179028
1390.000000000 0.002841909 0.287045205 0.000680408 0.000000003
1395.000000000 0.002408538 0.205070805 0.001073311 0.000000003
1400.000000000 0.002864012 0.291577321 0.000597160 0.000000002
1405.000000000 0.003198305 0.364909423 0.000201615 0.000000005
1410.000000000 0.003196608 0.364195355 0.000164365 0.000000006
1415.000000000 0.003301835 0.389497042 0.000000000 0.000000000
1420.000000000 0.003298079 0.388611539 0.000000000 0.000000000
1425.000000000 0.003286540 0.385893262 0.000000034 0.000000003
1430.000000000 0.003251881 0.377799957 0.000000006 0.000000000
1435.000000000 0.003226550 0.371936199 0.000000014 0.000000001
1440.000000000 0.003216331 0.369584584 0.000000009 0.000000001
1445.000000000 0.003195279 0.364762929 0.000000002 0.000000000
1450.000000000 0.003172417 0.359562307 0.000000000 0.000000000
1455.000000000 0.003157257 0.356133943 0.000000000 0.000000000
1460.000000000 0.003141779 0.352632700 0.000000088 0.000000010
1465.000000000 0.003116220 0.346936328 0.000000000 0.000000000
1470.000000000 0.003100285 0.343397181 0.000000000 0.000000000
1475.000000000 0.003097985 0.342867222 0.000000106 0.000000011
1480.000000000 0.003083464 0.339661608 0.000000101 0.000000011
1485.000000000 0.003056717 0.333805397 0.000000037 0.000000005
1490.000000000 0.003038607 0.329867358 0.000000009 0.000000002
1495.000000000 0.003033735 0.328811681 0.000000004 0.000000001
1500.000000000 0.003018024 0.325415437 0.000000002 0.000000001
1505.000000000 0.002988983 0.319183034 0.000000001 0.000000000
1510.000000000 0.002964582 0.313993052 0.000000001 0.000000000
1515.000000000 0.002951693 0.311268747 0.000000001 0.000000000
1520.000000000 0.002943917 0.309631032 0.000000000 0.000000000
1525.000000000 0.002931851 0.307098017 0.000000000 0.000000000
1530.000000000 0.002916741 0.303940877 0.000000000 0.000000000
1535.000000000 0.002898001 0.300047754 0.000000000 0.000000000
1540.000000000 0.002882819 0.296912264 0.000000000 0.000000000
1545.000000000 0.002868161 0.293900678 0.000000000 0.000000000
1550.000000000 0.002847083 0.289596807 0.000000000 0.000000000
1555.000000000 0.002830212 0.286174802 0.000000000 0.000000000
1560.000000000 0.002825503 0.285223310 0.000000000 0.000000000
1565.000000000 0.002823965 0.284912829 0.000000000 0.000000000
1570.000000000 0.002807996 0.281699649 0.000000000 0.000000000
1575.000000000 0.002782960 0.276698857 0.000000000 0.000000000
1580.000000000 0.002762282 0.272602307 0.000000000 0.000000000
1585.000000000 0.002745801 0.269359031 0.000000000 0.000000000
1590.000000000 0.002732117 0.266680959 0.000000000 0.000000000
1595.000000000 0.002727345 0.265750290 0.000000000 0.000000000
1600.000000000 0.002727714 0.265822233 0.000000000 0.000000000
1605.000000000 0.002720794 0.264475208 0.000000000 0.000000000
1610.000000000 0.002704206 0.261260149 0.000000000 0.000000000
1615.000000000 0.002685887 0.257732338 0.000000000 0.000000000
1620.000000000 0.002664478 0.253640084 0.000000000 0.000000000
1625.000000000 0.002648776 0.250659499 0.000000000 0.000000000
1630.000000000 0.002642368 0.249448012 0.000000000 0.000000000
1635.000000000 0.002636545 0.248349775 0.000000000 0.000000000
1640.000000000 0.002623228 0.245847439 0.000000000 0.000000000
1645.000000000 0.002606093 0.242646194 0.000000000 0.000000000
1650.000000000 0.002594113 0.240420491 0.000000000 0.000000000
1655.000000000 0.002582422 0.238258322 0.000000000 0.000000000
1660.000000000 0.002569655 0.235908230 0.000000000 0.000000000
1665.000000000 0.002559230 0.233997937 0.000000000 0.000000000
1670.000000000 0.002553099 0.232878146 0.000000000 0.000000000
1675.000000000 0.002541598 0.230784882 0.000000000 0.000000000
1680.000000000 0.002526647 0.228077646 0.000000000 0.000000000
1685.000000000 0.002513789 0.225762100 0.000000000 0.000000000
1690.000000000 0.002503213 0.223866457 0.000000000 0.000000000
1695.000000000 0.002493246 0.222087289 0.000000000 0.000000000
1700.000000000 0.002485255 0.220666095 0.000000000 0.000000000
1705.000000000 0.002478843 0.219528928 0.000000000 0.000000000
1710.000000000 0.002466994 0.217435090 0.000000000 0.000000000
1715.000000000 0.002458046 0.215860721 0.000000000 0.000000000
1720.000000000 0.002452815 0.214942994 0.000000000 0.000000000
1725.000000000 0.002446016 0.213752954 0.000000000 0.000000000
1730.000000000 0.002436656 0.212120155 0.000000000 0.000000000
1735.000000000 0.002422676 0.209693152 0.000000000 0.000000000
1740.000000000 0.002408232 0.207200242 0.000000000 0.000000000
1745.000000000 0.002394176 0.204788532 0.000000000 0.000000000
1750.000000000 0.002384502 0.203136949 0.000000000 0.000000000
1755.000000000 0.002380048 0.202378818 0.000000000 0.000000000
1760.000000000 0.002374302 0.201402799 0.000000000 0.000000000
1765.000000000 0.002364127 0.199680343 0.000000000 0.000000000
1770.000000000 0.002351095 0.197484981 0.000000000 0.000000000
1775.000000000 0.002337668 0.195212975 0.000000076 0.000000018
1780.000000000 0.002327922 0.193586223 0.000000088 0.000000019
1785.000000000 0.002323362 0.192819419 0.000000135 0.000000023
1790.000000000 0.002323063 0.192771824 0.000000124 0.000000022
1795.000000000 0.002321086 0.192475777 0.000000000 0.000000000
1800.000000000 0.002313939 0.191292154 0.000000001 0.000000000
1805.000000000 0.002305012 0.189818644 0.000000003 0.000000000
1810.000000000 0.002295937 0.188326614 0.000000008 0.000000001
1815.000000000 0.002288745 0.187147514 0.000000021 0.000000002
1820.000000000 0.002282353 0.186102829 0.000000033 0.000000003
1825.000000000 0.002279503 0.185638633 0.000000029 0.000000002
1830.000000000 0.170016650 0.068355062 0.000003921 0.087431822
1835.000000000 0.170038814 0.068324326 0.000001806 0.087333374
1840.000000000 0.170128105 0.068300559 0.000000308 0.087349148
1845.000000000 0.169837752 0.068358573 0.000000148 0.087288929
1850.000000000 0.170043462 0.068314749 0.000000255 0.087343876
1855.000000000 0.169846640 0.068348941 0.000000542 0.087285767
1860.000000000 0.170032120 0.068317163 0.000000008 0.087364176
1865.000000000 0.169840696 0.068355383 0.000000278 0.087339651
1870.000000000 0.170149303 0.068286416 0.000002193 0.087389399
1875.000000000 0.169868614 0.068324584 0.000000676 0.087256842
1880.000000000 0.169996840 0.068327975 0.000001189 0.087420894
1885.000000000 0.169996788 0.068333237 0.000001129 0.087443975
1890.000000000 0.170037397 0.068327894 0.000001451 0.087473475
1895.000000000 0.170025820 0.068335074 0.000001669 0.087500948
1900.000000000 0.170154660 0.068282487 0.000001372 0.087431246
1905.000000000 0.170165601 0.068276823 0.000002101 0.087442648
1910.000000000 0.170125118 0.068292696 0.000004008 0.087463036
1915.000000000 0.170029553 0.068325835 0.000000742 0.087530728
1920.000000000 0.002141706 0.163874991 0.000000002 0.000000000
1925.000000000 0.002143934 0.164216237 0.000000003 0.000000000
1930.000000000 0.002136524 0.163082994 0.000000003 0.000000000
1935.000000000 0.002129144 0.161958418 0.000000001 0.000000000
1940.000000000 0.002122167 0.160898707 0.000000001 0.000000000
1945.000000000 0.002117223 0.160149987 0.000000000 0.000000000
1950.000000000 0.002114369 0.159718558 0.000000000 0.000000000
1955.000000000 0.002110774 0.159175882 0.000000000 0.000000000
1960.000000000 0.002105867 0.158436632 0.000000000 0.000000000
1965.000000000 0.002099977 0.157538591 0.000000081 0.000000007
1970.000000000 0.002094668 0.156750845 0.000000024 0.000000003
1975.000000000 0.002089592 0.155994207 0.000000012 0.000000002
1980.000000000 0.002087101 0.155623227 0.000000009 0.000000002
1985.000000000 0.002084864 0.155290439 0.000000005 0.000000001
1990.000000000 0.002081448 0.154781938 0.000000006 0.000000001
1995.000000000 0.002075624 0.153916862 0.000000006 0.000000001
2000.000000000 0.002068767 0.152895998 0.000000044 0.000000004
2005.000000000 0.002061488 0.151829289 0.000000000 0.000000000
2010.000000000 0.002055335 0.150916571 0.000000050 0.000000004
2015.000000000 0.002054648 0.150813299 0.000000073 0.000000006
2020.000000000 0.002058416 0.151372449 0.000000025 0.000000002
2025.000000000 0.002062446 0.151968627 0.000000007 0.000000001
2030.000000000 0.002067571 0.152725419 0.000000004 0.000000001
2035.000000000 0.002068963 0.152931421 0.000000003 0.000000001
2040.000000000 0.002069730 0.153044677 0.000000003 0.000000001
2045.000000000 0.002068063 0.152798168 0.000000004 0.000000001
2050.000000000 0.002066225 0.152526028 0.000000007 0.000000001
2055.000000000 0.002064082 0.152208857 0.000000012 0.000000002
2060.000000000 0.002063169 0.152075315 0.000000006 0.000000001
2065.000000000 0.002063368 0.152104219 0.000000009 0.000000001
2070.000000000 0.002063853 0.152176010 0.000000007 0.000000001
2075.000000000 0.002065137 0.152365934 0.000000005 0.000000001
2080.000000000 0.002066882 0.152623904 0.000000003 0.000000001
2085.000000000 0.002069456 0.153004220 0.000000004 0.000000001
2090.000000000 0.002069512 0.153012630 0.000000003 0.000000001
2095.000000000 0.002070704 0.153188896 0.000000003 0.000000001
2100.000000000 0.002071573 0.153317494 0.000000003 0.000000001
2105.000000000 0.002072667 0.153479535 0.000000003 0.000000001
2110.000000000 0.002071440 0.153297862 0.000000003 0.000000001
2115.000000000 0.002069816 0.153057686 0.000000003 0.000000001
2120.000000000 0.002069834 0.153060267 0.000000003 0.000000001
2125.000000000 0.002069131 0.152956341 0.000000003 0.000000001
2130.000000000 0.002071318 0.153279902 0.000000003 0.000000001
2135.000000000 0.002073027 0.153532944 0.000000003 0.000000001
2140.000000000 0.002074295 0.153720821 0.000000003 0.000000001
2145.000000000 0.002075682 0.153926488 0.000000003 0.000000001
2150.000000000 0.002076947 0.154113938 0.000000004 0.000000001
2155.000000000 0.002078236 0.154305371 0.000000004 0.000000001
2160.000000000 0.002078651 0.154366987 0.000000004 0.000000001
2165.000000000 0.002079239 0.154454171 0.000000005 0.000000001
2170.000000000 0.002081206 0.154746635 0.000000005 0.000000001
2175.000000000 0.002081459 0.154784175 0.000000005 0.000000001
2180.000000000 0.002081909 0.154851205 0.000000005 0.000000001
2185.000000000 0.002081545 0.154796851 0.000000006 0.000000001
2190.000000000 0.002081281 0.154757820 0.000000005 0.000000001
2195.000000000 0.002081690 0.154818561 0.000000005 0.000000001
2200.000000000 0.002083630 0.155107027 0.000000007 0.000000001
2205.000000000 0.002087745 0.155720268 0.000000006 0.000000001
2210.000000000 0.002091835 0.156331188 0.000000006 0.000000001
2215.000000000 0.002099583 0.157491105 0.000000007 0.000000002
2220.000000000 0.002106936 0.158595995 0.000000008 0.000000002
2225.000000000 0.002112766 0.159474638 0.000000009 0.000000002
2230.000000000 0.002116851 0.160091790 0.000000009 0.000000002
2235.000000000 0.002120180 0.160595436 0.000000010 0.000000002
2240.000000000 0.002119601 0.160507805 0.000000010 0.000000002
2245.000000000 0.002118691 0.160369904 0.000000011 0.000000002
2250.000000000 0.002118314 0.160312928 0.000000011 0.000000002
2255.000000000 0.002119972 0.160563784 0.000000012 0.000000002
2260.000000000 0.002122886 0.161005290 0.000000013 0.000000003
2265.000000000 0.002125490 0.161400366 0.000000014 0.000000003
2270.000000000 0.002129325 0.161982995 0.000000016 0.000000003
2275.000000000 0.002131491 0.162312476 0.000000017 0.000000003
2280.000000000 0.002130897 0.162222383 0.000000016 0.000000003
2285.000000000 0.002132106 0.162406239 0.000000017 0.000000003
2290.000000000 0.002133513 0.162620325 0.000000019 0.000000003
2295.000000000 0.002133237 0.162577722 0.000000022 0.000000004
2300.000000000 0.002133463 0.162612427 0.000000021 0.000000004
2305.000000000 0.002136456 0.163069016 0.000000021 0.000000004
2310.000000000 0.002140965 0.163758367 0.000000019 0.000000004
2315.000000000 0.002144921 0.164363069 0.000000025 0.000000004
2320.000000000 0.002148910 0.164973020 0.000000036 0.000000005
2325.000000000 0.002151977 0.165445413 0.000000029 0.000000005
2330.000000000 0.002152708 0.165558282 0.000000028 0.000000005
2335.000000000 0.002151749 0.165410571 0.000000029 0.000000005
2340.000000000 0.002150809 0.165263980 0.000000042 0.000000006
2345.000000000 0.002151041 0.165299931 0.000000040 0.000000006
2350.000000000 0.002149985 0.165135545 0.000000054 0.000000007
2355.000000000 0.002153542 0.165683222 0.000000049 0.000000006
2360.000000000 0.002157947 0.166363296 0.000000040 0.000000006
2365.000000000 0.002163218 0.167175850 0.000000047 0.000000006
2370.000000000 0.002167970 0.167902665 0.000000102 0.000000010
2375.000000000 0.002172507 0.168609184 0.000000080 0.000000009
2380.000000000 0.002172421 0.168594629 0.000000089 0.000000010
2385.000000000 0.002173064 0.168690368 0.000000119 0.000000012
2390.000000000 0.002174211 0.168872066 0.000000094 0.000000010
2395.000000000 0.002175305 0.169043343 0.000000085 0.000000010
2400.000000000 0.002176057 0.169161526 0.000000078 0.000000009
2405.000000000 0.002180023 0.169771563 0.000000128 0.000000013
2410.000000000 0.002185637 0.170670671 0.000000000 0.000000000
2415.000000000 0.002192346 0.171720103 0.000000000 0.000000000
2420.000000000 0.002198776 0.172729031 0.000000000 0.000000000
2425.000000000 0.002203979 0.173547672 0.000000000 0.000000000
2430.000000000 0.002209669 0.174418451 0.000000136 0.000000015
2435.000000000 0.002212298 0.174860509 0.000000000 0.000000000
2440.000000000 0.002211464 0.174699946 0.000000153 0.000000016
2445.000000000 0.002214888 0.175270520 0.000000000 0.000000000
2450.000000000 0.002216237 0.175484225 0.000000001 0.000000000
2455.000000000 0.002220994 0.176238654 0.000000000 0.000000000
2460.000000000 0.002225091 0.176889573 0.000000000 0.000000000
2465.000000000 0.002233816 0.178279711 0.000000000 0.000000000
2470.000000000 0.002238897 0.179091834 0.000000001 0.000000000
2475.000000000 0.002244817 0.180040434 0.000000002 0.000000000
2480.000000000 0.002250372 0.180932703 0.000000005 0.000000000
2485.000000000 0.002251777 0.181158402 0.000000012 0.000000001
2490.000000000 0.002254998 0.181677203 0.000000017 0.000000001
2495.000000000 0.002259973 0.182480067 0.000000018 0.000000001
2500.000000000 0.002267229 0.183654848 0.000000009 0.000000001
