0 0.4 0.01
1 0.41 0.01
2 0.42 0.01
3 0.43 0.01
4 0.44 0.01
5 0.45 0.01
6 0.46 0.01
7 0.47 0.01
8 0.48 0.01
9 0.49 0.01
10 0.5 0.01
11 0.51 0.01
12 0.52 0.01
13 0.53 0.01
14 0.54 0.01
15 0.55 0.01
16 0.56 0.01
17 0.57 0.01
18 0.58 0.01
19 0.59 0.01
20 0.6 0.01
21 0.61 0.01
22 0.62 0.01
23 0.63 0.01
24 0.64 0.01
25 0.65 0.01
26 0.66 0.01
27 0.67 0.01
28 0.68 0.01
29 0.69 0.01
30 0.7 0.01
31 0.71 0.01
32 0.72 0.01
33 0.73 0.01
34 0.74 0.01
35 0.75 0.01
36 0.76 0.01
37 0.77 0.01
38 0.78 0.01
39 0.79 0.01
40 0.8 0.01
41 0.81 0.01
42 0.82 0.01
43 0.83 0.01
44 0.84 0.01
45 0.85 0.01
46 0.86 0.01
47 0.87 0.01
48 0.88 0.01
49 0.89 0.01
50 0.9 0.01
51 0.91 0.01
52 0.92 0.01
53 0.93 0.01
54 0.94 0.01
55 0.95 0.01
56 0.96 0.01
57 0.97 0.01
58 0.98 0.01
59 0.99 0.01
60 1 0.01
61 1.01 0.01
62 1.02 0.01
63 1.03 0.01
64 1.04 0.01
65 1.05 0.01
66 1.06 0.01
67 1.07 0.01
68 1.08 0.01
69 1.09 0.01
70 1.1 0.01
71 1.11 0.01
72 1.12 0.01
73 1.13 0.01
74 1.14 0.01
75 1.15 0.01
76 1.16 0.01
77 1.17 0.01
78 1.18 0.01
79 1.19 0.01
80 1.2 0.01
81 1.21 0.01
82 1.22 0.01
83 1.23 0.01
84 1.24 0.01
85 1.25 0.01
86 1.26 0.01
87 1.27 0.01
88 1.28 0.01
89 1.29 0.01
90 1.3 0.01
91 1.31 0.01
92 1.32 0.01
93 1.33 0.01
94 1.34 0.01
95 1.35 0.01
96 1.36 0.01
97 1.37 0.01
98 1.38 0.01
99 1.39 0.01
100 1.4 0.01
101 1.41 0.01
102 1.42 0.01
103 1.43 0.01
104 1.44 0.01
105 1.45 0.01
106 1.46 0.01
107 1.47 0.01
108 1.48 0.01
109 1.49 0.01
110 1.5 0.01
111 1.51 0.01
112 1.52 0.01
113 1.53 0.01
114 1.54 0.01
115 1.55 0.01
116 1.56 0.01
117 1.57 0.01
118 1.58 0.01
119 1.59 0.01
120 1.6 0.01
121 1.61 0.01
122 1.62 0.01
123 1.63 0.01
124 1.64 0.01
125 1.65 0.01
126 1.66 0.01
127 1.67 0.01
128 1.68 0.01
129 1.69 0.01
130 1.7 0.01
131 1.71 0.01
132 1.72 0.01
133 1.73 0.01
134 1.74 0.01
135 1.75 0.01
136 1.76 0.01
137 1.77 0.01
138 1.78 0.01
139 1.79 0.01
140 1.8 0.01
141 1.81 0.01
142 1.82 0.01
143 1.83 0.01
144 1.84 0.01
145 1.85 0.01
146 1.86 0.01
147 1.87 0.01
148 1.88 0.01
149 1.89 0.01
150 1.9 0.01
151 1.91 0.01
152 1.92 0.01
153 1.93 0.01
154 1.94 0.01
155 1.95 0.01
156 1.96 0.01
157 1.97 0.01
158 1.98 0.01
159 1.99 0.01
160 2 0.01
161 2.01 0.01
162 2.02 0.01
163 2.03 0.01
164 2.04 0.01
165 2.05 0.01
166 2.06 0.01
167 2.07 0.01
168 2.08 0.01
169 2.09 0.01
170 2.1 0.01
171 2.11 0.01
172 2.12 0.01
173 2.13 0.01
174 2.14 0.01
175 2.15 0.01
176 2.16 0.01
177 2.17 0.01
178 2.18 0.01
179 2.19 0.01
180 2.2 0.01
181 2.21 0.01
182 2.22 0.01
183 2.23 0.01
184 2.24 0.01
185 2.25 0.01
186 2.26 0.01
187 2.27 0.01
188 2.28 0.01
189 2.29 0.01
190 2.3 0.01
191 2.31 0.01
192 2.32 0.01
193 2.33 0.01
194 2.34 0.01
195 2.35 0.01
196 2.36 0.01
197 2.37 0.01
198 2.38 0.01
199 2.39 0.01
200 2.4 0.01
201 2.41 0.01
202 2.42 0.01
203 2.43 0.01
204 2.44 0.01
205 2.45 0.01
206 2.46 0.01
207 2.47 0.01
208 2.48 0.01
209 2.49 0.01
210 2.5 0.01
